Item Title,Item ID,Sold Date,Sold Price,Shipping,Condition,Seller,Format,Item URL
2015 P Australia Silver Lunar Series II Year of the Goat 1/2 oz $1 - BU PERTH,297527010639,"Apr 2, 2026",$49.50,$0.00,,,Fixed price,https://www.ebay.com/itm/297527010639
2015 Australia 1 Ounce Silver - Year of the Goat - Lunar Series 2 - BU - STOCK,376938434112,"Mar 25, 2026",$105.67,$0.00,,,Fixed price,https://www.ebay.com/itm/376938434112
2015 P 1oz .999 Fine Silver Australian Lunar Year of The Goat NGC MS69,137145756471,"Mar 25, 2026",$95.00,$0.00,,,Fixed price,https://www.ebay.com/itm/137145756471
2015 P $1 AUSTRALIA LUNAR GOAT HIGH RELIEF 1 OZ .999 SILVER NGC PF 70 ULTRA CAM,117086300417,"Mar 16, 2026",$145.00,$4.95,,,Fixed price,https://www.ebay.com/itm/117086300417
"Australia, 2015 P $1 Silver Lunar Goat High Relief - NGC Graded PF70 UCAM !!",137145947035,"Apr 2, 2026",$159.00,$0.00,,,Fixed price,https://www.ebay.com/itm/137145947035
2015 Pamp Suisse Lunar Year Of The Goat 1 oz Silver Bar,137166381218,"Mar 30, 2026",$211.50,$5.00,,,Auction,https://www.ebay.com/itm/137166381218
2015 ANDA Lunar Goat Health 1oz Silver Proof Coin Sydney Coin Show Perth Mint,147145736443,"Mar 7, 2026",$125.00,$25.70,,,Fixed price,https://www.ebay.com/itm/147145736443
2015 Pamp Lunar Series Year of the Goat Ram 1 oz .999 Fine Silver Bar,147204163634,"Mar 16, 2026",$239.00,$12.48,,,Fixed price,https://www.ebay.com/itm/147204163634
2015 1/2 Oz Silver 50 Cents Australia LUNAR YEAR OF THE GOAT BU Coin.,168081009652,"Mar 8, 2026",$64.00,$0.00,,,Fixed price,https://www.ebay.com/itm/168081009652
2015 Australia Lunar Year of the Goat *Colorized* - 1 Oz .999 Silver -Perth Mint,177957721808,"Mar 20, 2026",$86.00,$4.95,,,Auction,https://www.ebay.com/itm/177957721808
2015 P Australia Year of the Goat 1/2oz MS70 Purple Slab,188121768157,"Mar 11, 2026",$71.00,$4.99,,,Auction,https://www.ebay.com/itm/188121768157
2015 NIUE Lunar Year of the Goat BU 1 Oz .999 Fine Silver Coin in Capsule,198147577568,"Mar 8, 2026",$112.85,$7.95,,,Auction,https://www.ebay.com/itm/198147577568
2015 Australia Lunar Year of the GOAT 1 oz .9999 Fine Silver Coin ~ Perth Mint,198188830408,"Mar 20, 2026",$99.95,$5.95,,,Fixed price,https://www.ebay.com/itm/198188830408
2015 Australia Lunar Year of the Goat 1 oz .9999 Silver Coin w/Lion Privy,198235625155,"Apr 2, 2026",$95.23,$1.00,,,Fixed price,https://www.ebay.com/itm/198235625155
2015 PAMP Suisse Lunar Series Year of Goat 1 oz .999 Fine Silver in Assay,227273454181,"Apr 1, 2026",$177.50,$2.36,,,Auction,https://www.ebay.com/itm/227273454181
2015 Pamp Lunar Series Year of the Goat 1 oz .999 Silver Bar in Original Card,257413810135,"Apr 4, 2026",$141.50,$4.25,,,Auction,https://www.ebay.com/itm/257413810135
2015 Australia 1 Ounce Silver Year of the Goat Lunar Series Colorized OGP/CO,257421772532,"Mar 27, 2026",$95.00,$5.00,,,Fixed price,https://www.ebay.com/itm/257421772532
2015 Pamp Lunar Series Year of the Goat 1 oz .999 Fine Silver Bar in Assay Card,267599204464,"Mar 21, 2026",$205.50,$4.25,,,Auction,https://www.ebay.com/itm/267599204464
2015 Pamp Suisse Lunar Series Year of the Goat 1oz.999 Fine Silver in Assay Card,267599244932,"Mar 16, 2026",$188.50,$5.50,,,Auction,https://www.ebay.com/itm/267599244932
2015 Ghana Lunar Skulls 1 oz Silver Year of the Goat - Proof w/COA,287152032146,"Apr 4, 2026",$129.99,$5.62,,,Fixed price,https://www.ebay.com/itm/287152032146
2015 Australia 1/2 oz Silver Lunar Goat Coin,298089544023,"Mar 14, 2026",$47.00,$6.75,,,Auction,https://www.ebay.com/itm/298089544023
2015 CANADA Lunar Year Of The GOAT 1/2oz .9999 Silver Proof GREATEST OF ALL TIME,306812624528,"Mar 16, 2026",$61.00,$5.25,,,Auction,https://www.ebay.com/itm/306812624528
2015-P $1 Australia 1 oz .999 Silver Year of the Goat Lunar - NGC MS 69 - Q3576,317963042469,"Mar 29, 2026",$94.50,$5.50,,,Fixed price,https://www.ebay.com/itm/317963042469
2015 PROOF 1/2 oz Silver Lunar Year of the GOAT COLORIZED ‼️LUNAR SERIES II‼️,326803178454,"Mar 31, 2026",$65.95,$5.45,,,Fixed price,https://www.ebay.com/itm/326803178454
2015 AUSTRALIA YEAR OF THE GOAT COLORIZED 1 OZ .999 FINE SILVER PCGS CERT MS 69,327021346223,"Mar 21, 2026",$130.00,$6.99,,,Fixed price,https://www.ebay.com/itm/327021346223
2015 Australia 1/2 oz .999 Silver ~ Lunar Year of the Goat 50c ~ BU In Capsule,327034347067,"Mar 15, 2026",$51.77,$0.00,,,Auction,https://www.ebay.com/itm/327034347067
2015 Australia Lunar Year of the Goat 1/2 oz .9999 Fine Silver Coin In Capsule,235196611856,"Mar 4, 2026",$48.68,$0.00,,,Fixed price,https://www.ebay.com/itm/235196611856,81
,,"Dec 26, 2025",$40.16,$0.00,,,Fixed price,,18
,,"Jan 12, 2026",$39.81,$0.00,,,Fixed price,,40
2015 P Australia Silver Lunar Series II Year of the Goat 1/2 oz $1 - BU PERTH,297527010639,"Apr 2, 2026",$51.62,$0.00,,,Fixed price,https://www.ebay.com/itm/297527010639,11
2015 Australia 1 Ounce Silver - Year of the Goat - Lunar Series 2 - BU - STOCK,376938434112,"Mar 25, 2026",$110.50,$0.00,,,Fixed price,https://www.ebay.com/itm/376938434112,8
"**ONLY 19,847 MINTED** 2015 COLORIZED Lunar GOAT - 1/2 oz Silver Coin - Perth",286835453909,"Feb 20, 2026",$51.54,$4.99,,,Fixed price,https://www.ebay.com/itm/286835453909,8
2015 CANADA Lunar Year Of The GOAT 1/2oz .9999 Silver Proof GREATEST OF ALL TIME,297919346928,"Jan 22, 2026",$49.99,$5.25,,,Fixed price,https://www.ebay.com/itm/297919346928,6
,,"Jan 8, 2026",$79.87,$0.00,,,Fixed price,,20
2015 Australia Lunar Year of the Goat 1 oz .9999 Fine Silver Coin In Capsule,336281288871,"Jan 4, 2026",$73.60,$0.00,,,Fixed price,https://www.ebay.com/itm/336281288871,5
2015 Australia 1/2 oz Silver Lunar Year of the Goat,127373753077,"Feb 28, 2026",$52.78,$5.25,,,Fixed price,https://www.ebay.com/itm/127373753077,6
,,"Dec 1, 2025",$29.96,$3.00,,,Fixed price,,4
,,"Dec 3, 2025",$61.33,$0.00,,,Fixed price,,3
2015 Australia Lunar Year of the GOAT 1 oz .9999 Fine Silver Coin ~ Perth Mint,198188830408,"Apr 11, 2026",$99.13,$4.30,,,Fixed price,https://www.ebay.com/itm/198188830408,3
,,"Dec 19, 2025",$63.00,$6.17,,,Fixed price,,15
,,"Jan 16, 2026",$100.25,$6.28,,,Fixed price,,4
2015 Australia 1/2 oz .999 Silver Year of the Goat BU (Series II).,147092986546,"Jan 18, 2026",$46.88,$7.74,,,Fixed price,https://www.ebay.com/itm/147092986546,3
2015 ANDA Lunar Goat Health 1oz Silver Proof Coin Sydney Coin Show Perth Mint,147145736443,"Mar 7, 2026",$130.00,$25.70,,,Fixed price,https://www.ebay.com/itm/147145736443,2
2015 1/2 Oz Silver 50 Cents Australia LUNAR YEAR OF THE GOAT BU Coin.,168081009652,"Mar 8, 2026",$61.98,$0.00,,,Fixed price,https://www.ebay.com/itm/168081009652,2
2015 Australia Lunar Year of the Goat 1 oz .9999 Silver Coin w/Lion Privy,198235625155,"Apr 7, 2026",$95.59,$3.48,,,Fixed price,https://www.ebay.com/itm/198235625155,2
2015 1oz .999 Fine Silver Australian Perth Lunar Year of the Goat Lion Privy,283419924741,"Feb 24, 2026",$130.99,$0.00,,,Fixed price,https://www.ebay.com/itm/283419924741,2
,,"Nov 30, 2025",$33.99,$1.26,,,Fixed price,,5
,,"Dec 1, 2025",$37.32,$8.65,,,Fixed price,,3
2015 Australia Lunar Series II Year of the Goat 1 oz. Silver Proof Coin-Perth,396649559514,"Jan 26, 2026",$114.95,$0.00,,,Fixed price,https://www.ebay.com/itm/396649559514,2
2015 Australia 1 oz Silver Lunar Goat BU (Series II),111841485363,"Oct 28, 2025",$58.99,$0.00,,,Fixed price,https://www.ebay.com/itm/111841485363,1
,,"Oct 23, 2025",$55.00,$5.00,,,Auction,,1
,,"Nov 26, 2025",$50.40,$4.80,,,Fixed price,,1
,,"Nov 24, 2025",$234.00,$0.00,,,Auction,,1
,,"Dec 22, 2025",$102.00,$6.00,,,Fixed price,,1
2015 1 Oz HIGH RELIEF PROOF Palau Silver Lunar Year Of The Goat 24Kt Gold Glided,116985050636,"Apr 14, 2026",$111.00,$8.10,,,Fixed price,https://www.ebay.com/itm/116985050636,1
2015 Year of the Goat Silver Coin / Round .999 Fine Silver Lunar Zodiac BU,117028821285,"Feb 16, 2026",$95.00,$5.52,,,Auction,https://www.ebay.com/itm/117028821285,1
,,"Nov 16, 2025",$32.50,$4.58,,,Auction,,1
,,"Nov 30, 2025",$139.50,$0.00,,,Auction,,1
,,"Dec 12, 2025",$60.00,$0.00,,,Fixed price,,1
,,"Dec 22, 2025",$66.00,$0.00,,,Fixed price,,1
,,"Jan 7, 2026",$95.00,$5.00,,,Fixed price,,1
,,"Jan 7, 2026",$115.00,$5.00,,,Fixed price,,1
,,"Dec 26, 2025",$135.00,$0.00,,,Fixed price,,1
,,"Dec 20, 2025",$37.00,$5.15,,,Auction,,1
2015 Lunar Year of the Goat Proof 1 oz Silver Colored Coin OGP & COA Austrailian,127588444303,"Jan 29, 2026",$124.95,$0.00,,,Fixed price,https://www.ebay.com/itm/127588444303,1
🐐 2015 Year of the Goat Gilded 1oz Silver Proof Lunar II Box COA Perth Mint,127777177917,"Apr 8, 2026",$160.00,$10.00,,,Fixed price,https://www.ebay.com/itm/127777177917,1
2015 Australia Lunar Year of the Goat 1 oz .9999 Fine Silver Coin Perth Mint,127779516329,"Apr 7, 2026",$80.00,$0.00,,,Fixed price,https://www.ebay.com/itm/127779516329,1
,,"Dec 4, 2025",$27.00,$4.95,,,Fixed price,,1
2015 Niue Silver 1 Oz. $2 Proof Coin Year of the Goat Lunar Calendar Series,135553220674,"Jan 29, 2026",$159.00,$0.00,,,Fixed price,https://www.ebay.com/itm/135553220674,2
,,"Oct 19, 2025",$32.00,$2.00,,,Fixed price,,1
,,"Nov 28, 2025",$55.24,$4.76,,,Fixed price,,1
(4) PAMP SUISSE LUNAR 1 Oz SILVER 2013 Snake 2015 Goat 2016 Monkey 2017 Rooster,136973802712,"Jan 22, 2026",$749.95,$0.00,,,Fixed price,https://www.ebay.com/itm/136973802712,1
2015 PAMP Lunar Calendar Series One Ounce Silver Bar Goat A3,137016723228,"Feb 12, 2026",$215.50,$4.99,,,Auction,https://www.ebay.com/itm/137016723228,1
,,"Jan 14, 2026",$94.95,$5.62,,,Fixed price,,1
,,"Dec 25, 2025",$180.00,$0.00,,,Fixed price,,1
,,"Dec 2, 2025",$36.00,$3.99,,,Auction,,1
,,"Jan 10, 2026",$114.00,$0.00,,,Fixed price,,1
2015 Australia Lunar Year of the Goat 1/2 oz .999 Fine Silver,147114610855,"Jan 26, 2026",$59.00,$5.89,,,Fixed price,https://www.ebay.com/itm/147114610855,1
2015 1 oz .999 Fine Silver Australian Lunar GOAT Perth Mint BU in Capsule,147115958767,"Jan 28, 2026",$125.50,$0.00,,,Auction,https://www.ebay.com/itm/147115958767,1
2015 1 oz .999 Fine Silver Australian Lunar GOAT Perth Mint BU in Capsule,147119897431,"Jan 29, 2026",$127.00,$0.00,,,Auction,https://www.ebay.com/itm/147119897431,1
2015 1 oz .999 Fine Silver Australian Lunar GOAT Perth Mint BU in Capsule,147142124415,"Feb 15, 2026",$100.00,$0.00,,,Auction,https://www.ebay.com/itm/147142124415,1
2015 Pamp Lunar Series Year of the Goat 1 oz .999 Fine Silver Bar in Assay Card,147147600803,"Feb 10, 2026",$180.00,$7.55,,,Fixed price,https://www.ebay.com/itm/147147600803,1
2015 1 oz .999 Fine Silver Australian Lunar GOAT Perth Mint BU in Capsule,147157732637,"Feb 22, 2026",$97.25,$0.00,,,Auction,https://www.ebay.com/itm/147157732637,1
2015 1 oz .999 Fine Silver Australian Lunar GOAT Perth Mint BU in Capsule,147171328821,"Mar 1, 2026",$99.00,$0.00,,,Auction,https://www.ebay.com/itm/147171328821,1
2015 1 oz .999 Fine Silver Australian Lunar GOAT Perth Mint BU in Capsule,147254343708,"Apr 14, 2026",$91.00,$0.00,,,Auction,https://www.ebay.com/itm/147254343708,1
,,"Jan 10, 2026",$80.00,$5.15,,,Fixed price,,1
,,"Nov 28, 2025",$63.00,$4.25,,,Auction,,1
2015p AUSTRALIA Year Of The GOAT 1/20 GOLD COIN RARE RED LABEL MS70 BEST 😁🙏🏼,157582936069,"Feb 25, 2026",$319.00,$11.50,,,Fixed price,https://www.ebay.com/itm/157582936069,1
,,"Jan 11, 2026",$83.00,$7.90,,,Fixed price,,1
2015 Pamp Lunar Series Year of the Goat Ram 1 oz .999 Fine Silver Bar,157622403853,"Jan 29, 2026",$274.99,$5.95,,,Fixed price,https://www.ebay.com/itm/157622403853,1
2015 Pamp Lunar Series Year of the Goat Ram 1 oz .999 Fine Silver Bar,157701279029,"Feb 24, 2026",$289.99,$5.95,,,Fixed price,https://www.ebay.com/itm/157701279029,1
2015 1/2 oz .999 Fine Silver BU Perth Lunar Year of the Goat W/ Capsule,157709445796,"Mar 4, 2026",$52.77,$6.20,,,Auction,https://www.ebay.com/itm/157709445796,1
,,"Nov 12, 2025",$64.98,$0.00,,,Fixed price,,1
2015 $2 Niue Lunar YEAR OF THE GOAT Colored 1 Oz Silver Proof Coin.,166003983357,"Jan 14, 2026",$96.00,$0.00,,,Fixed price,https://www.ebay.com/itm/166003983357,1
,,"Oct 20, 2025",$58.99,$4.99,,,Fixed price,,1
,,"Nov 7, 2025",$32.00,$0.00,,,Fixed price,,1
,,"Dec 28, 2025",$76.00,$4.65,,,Auction,,1
Tuvalu 2015 Wealth Goat Good Fortune $1 Pure 1 Oz Colored Silver Proof Coin,168123558697,"Mar 1, 2026",$130.00,$20.00,,,Fixed price,https://www.ebay.com/itm/168123558697,1
2015 Australia 1 Oz Year Of The Goat Silver Bullion,168137471802,"Feb 24, 2026",$80.00,$7.95,,,Fixed price,https://www.ebay.com/itm/168137471802,1
,,"Jan 4, 2026",$52.00,$0.00,,,Fixed price,,1
2015 Australian Lunar Year Of The Goat Colorized Coin - Proof-Like - Low Mintage,177787996685,"Jan 21, 2026",$95.12,$5.20,,,Auction,https://www.ebay.com/itm/177787996685,1
2015-P Australia 1 Dollar 1oz 999 Silver Coin -Year of the Goat,178016828584,"Apr 12, 2026",$80.00,$0.00,,,Auction,https://www.ebay.com/itm/178016828584,1
,,"Nov 25, 2025",$149.41,$6.98,,,Fixed price,,1
,,"Dec 25, 2025",$71.25,$0.00,,,Fixed price,,1
,,"Dec 1, 2025",$34.99,$0.00,,,Fixed price,,4
2015 50c Tuvalu 1/2 oz ASW .999 Silver Baby Goat - Year of the Goat OMP - Q2088,187630513590,"Jan 27, 2026",$99.95,$5.50,,,Fixed price,https://www.ebay.com/itm/187630513590,1
,,"Oct 31, 2025",$519.00,$12.60,,,Fixed price,,1
,,"Dec 28, 2025",$229.99,$5.15,,,Fixed price,,1
🐐 2015 Australia Lunar Series II - Year of the Goat 1/2 oz .999 Silver Coin BU,187839333649,"Jan 12, 2026",$45.00,$4.54,,,Fixed price,https://www.ebay.com/itm/187839333649,1
,,"Dec 30, 2025",$215.00,$5.15,,,Fixed price,,1
1 SEALED ROLL (5-coins) 2015 $2 DOLLARS LUNAR YEAR GOAT 2 Oz. SILVER AUSTRALIA,187941205497,"Jan 24, 2026","$1,070.00",$10.99,,,Fixed price,https://www.ebay.com/itm/187941205497,1
,,"Jan 15, 2026",$135.00,$4.76,,,Fixed price,,1
2014-P & 2015-P First Strike Horse & Goat PCGS MS70,187955807731,"Jan 22, 2026",$167.50,$6.00,,,Auction,https://www.ebay.com/itm/187955807731,1
2015 Year Of The Goat Series 2 Australian Lunar New Year 1 oz Silver 999,187965102957,"Jan 18, 2026",$100.00,$0.00,,,Fixed price,https://www.ebay.com/itm/187965102957,1
Niue 2015 $2 Chinese Lunar Calendar Year of the Goat 1 oz Silver Coin,187987749069,"Jan 31, 2026",$143.50,$5.62,,,Auction,https://www.ebay.com/itm/187987749069,1
2015 1/2 Ounce Year Of The Goat Silver,187988166032,"Feb 3, 2026",$54.00,$4.99,,,Auction,https://www.ebay.com/itm/187988166032,1
2015 Tanzania Lunar Year of the Goat 1 Oz 99 Silver Color Proof Fan Coin NZ Mint,188147964208,"Apr 14, 2026",$199.00,$6.22,,,Fixed price,https://www.ebay.com/itm/188147964208,1
,,"Oct 20, 2025",$25.00,$12.00,,,Fixed price,,6
"PAMP, Lunar Series, Goat, 2015, 1 troy oz .999 Fine Silver Art Bar",197841670041,"Jan 28, 2026",$145.00,$8.59,,,Fixed price,https://www.ebay.com/itm/197841670041,1
,,"Dec 24, 2025",$72.50,$7.95,,,Fixed price,,3
,,"Dec 31, 2025",$40.95,$5.50,,,Fixed price,,1
,,"Jan 9, 2026",$85.53,$5.95,,,Fixed price,,1
2015 Australia Lunar Year of the Goat 1 oz .9999 Silver Coin w/ Perth Mint Cap.,198041513942,"Jan 20, 2026",$95.00,$5.95,,,Fixed price,https://www.ebay.com/itm/198041513942,1
2015 Australia Lunar Year of the Goat 1 oz .9999 Silver Coin w/ Perth Mint Cap.,198070234783,"Feb 1, 2026",$100.00,$5.95,,,Fixed price,https://www.ebay.com/itm/198070234783,1
2015 YEAR OF THE GOAT 1 TROY 0Z SILVER COIN .999 BU BRILLIANT TONING NIUE,198087029590,"Feb 8, 2026",$85.00,$0.00,,,Fixed price,https://www.ebay.com/itm/198087029590,2
2015 YEAR OF THE GOAT COIN .999 SILVER 1OZ BRILLIANT WITH TONING,198114720607,"Feb 28, 2026",$99.99,$0.00,,,Fixed price,https://www.ebay.com/itm/198114720607,1
,,"Jan 6, 2026",$95.00,$0.00,,,Fixed price,,2
,,"Nov 1, 2025",$22.50,$4.54,,,Auction,,1
Australia - 2015 P - Proof 1 oz Silver Year of the Goat $1 - NGC PF 69 UC,206037921567,"Feb 4, 2026",$107.50,$0.00,,,Auction,https://www.ebay.com/itm/206037921567,1
,,"Nov 11, 2025",$107.00,$5.15,,,Auction,,1
,,"Dec 12, 2025",$63.00,$0.00,,,Fixed price,,1
,,"Dec 14, 2025",$58.00,$0.00,,,Fixed price,,1
,,"Dec 20, 2025",$68.00,$0.00,,,Fixed price,,1
,,"Jan 2, 2026",$72.95,$6.18,,,Fixed price,,3
2015 KILO SILVER COIN YEAR OF THE GOAT EMERALD EYE GEMSTONE COLORIZED 1 OZ,227153121960,"Jan 23, 2026",$115.00,$12.19,,,Fixed price,https://www.ebay.com/itm/227153121960,1
2015 PAMP Suisse Lunar Series Year of Goat 1 oz .999 Fine Silver in Assay,227218986883,"Feb 22, 2026",$276.00,$3.10,,,Auction,https://www.ebay.com/itm/227218986883,1
2015-P Australia 1 oz. $1 Goat Family Antique Silver Coin Gem BU in Capsule,227229115473,"Mar 2, 2026",$92.17,$5.00,,,Auction,https://www.ebay.com/itm/227229115473,1
2015 PAMP Suisse Lunar Series Year of Goat 1 oz .999 Fine Silver in Assay,227230955551,"Mar 3, 2026",$256.00,$2.36,,,Auction,https://www.ebay.com/itm/227230955551,1
,,"Dec 28, 2025",$35.00,$6.37,,,Fixed price,,1
,,"Nov 13, 2025",$57.20,$6.00,,,Fixed price,,1
[Removed] Item 236202052350,236202052350,"Jan 11, 2026",$119.99,$0.00,,,Fixed price,,1
,,"Dec 5, 2025",$113.50,$1.56,,,Auction,,1
,,"Dec 15, 2025",$65.55,$18.56,,,Auction,,1
,,"Dec 28, 2025",$81.00,$4.54,,,Auction,,1
,,"Jan 7, 2026",$85.00,$0.00,,,Fixed price,,1
TWO 1/2oz 999 Fine Silver 2013 Australia Year of Goat Perth Mint Bullion Coins,236582792722,"Jan 22, 2026",$103.00,$0.00,,,Fixed price,https://www.ebay.com/itm/236582792722,1
2015 Australia $1 Silver 1 Ounce .999 Lunar Year of the Goat,236606426089,"Feb 5, 2026",$85.55,$5.56,,,Auction,https://www.ebay.com/itm/236606426089,1
TWO 1/2oz 999 Fine Silver 2013 Australia Year of Goat Perth Mint Bullion Coins,236642060381,"Feb 22, 2026",$103.00,$0.00,,,Fixed price,https://www.ebay.com/itm/236642060381,1
,,"Dec 12, 2025",$94.88,$5.00,,,Fixed price,,1
,,"Jan 13, 2026","$1,900.00",$0.00,,,Fixed price,,1
,,"Nov 24, 2025",$95.00,$0.00,,,Fixed price,,1
,,"Nov 22, 2025",$158.25,$4.25,,,Auction,,1
,,"Dec 6, 2025",$153.50,$4.25,,,Auction,,1
,,"Dec 20, 2025",$113.00,$4.25,,,Auction,,1
,,"Dec 27, 2025",$78.00,$4.25,,,Auction,,1
,,"Dec 25, 2025","$2,799.95",$0.00,,,Fixed price,,1
,,"Jan 17, 2026",$202.50,$4.25,,,Auction,,1
2015 $1 Australia Lunar Series Year of the Goat 1 oz .999 Silver Coin in Capsule,257324502826,"Jan 31, 2026",$98.00,$4.25,,,Auction,https://www.ebay.com/itm/257324502826,1
,,"Dec 13, 2025",$85.00,$6.99,,,Fixed price,,1
Niue 2015 $2 Chinese Lunar Calendar Year of the Goat 1 oz Silver Coin,267106847475,"Jan 27, 2026",$149.95,$7.95,,,Fixed price,https://www.ebay.com/itm/267106847475,1
,,"Nov 5, 2025",$94.00,$0.00,,,Fixed price,,1
,,"Nov 16, 2025",$73.00,$0.00,,,Auction,,1
,,"Nov 29, 2025",$112.50,$4.25,,,Auction,,1
,,"Nov 29, 2025",$58.00,$4.00,,,Auction,,1
,,"Dec 26, 2025",$155.00,$6.84,,,Fixed price,,1
,,"Jan 22, 2026",$49.99,$5.25,,,Fixed price,,6
"**ONLY 19,847 MINTED** 2015 COLORIZED Lunar GOAT - 1/2 oz Silver Coin - Perth",286835453909,"Feb 20, 2026",$61.71,$4.87,,,Fixed price,https://www.ebay.com/itm/286835453909,4
,,"Dec 1, 2025",$30.63,$3.00,,,Fixed price,,3
,,"Jan 18, 2026",$46.88,$7.74,,,Fixed price,,3
2015 Australia Year of the Goat 1 oz Silver Coin – Lunar II – BU Reverse Proof,317812021593,"Apr 19, 2026",$99.99,$4.99,,,Fixed price,https://www.ebay.com/itm/317812021593,2
,,"Jan 26, 2026",$114.95,$0.00,,,Fixed price,,2
2015 Australia Lunar Year of the Goat 1/2 oz .999,117059042551,"Apr 23, 2026",$60.00,$5.07,,,Fixed price,https://www.ebay.com/itm/117059042551,1
,,"Jan 29, 2026",$124.95,$0.00,,,Fixed price,,1
,,"Jan 29, 2026",$159.00,$0.00,,,Fixed price,,2
,,"Jan 22, 2026",$749.95,$0.00,,,Fixed price,,1
2015 Australia Year Of The Goat 1oz Silver Coin In Capsule,137257489114,"May 1, 2026",$95.00,$0.00,,,Fixed price,https://www.ebay.com/itm/137257489114,1
,,"Jan 26, 2026",$59.00,$5.89,,,Fixed price,,1
,,"Jan 28, 2026",$125.50,$0.00,,,Auction,,1
,,"Jan 29, 2026",$127.00,$0.00,,,Auction,,1
,,"Jan 29, 2026",$274.99,$5.95,,,Fixed price,,1
4 x 1 oz .999 Silver - 2015 Australia Dollars Year of the Goat,157821747191,"Apr 20, 2026",$360.00,$0.00,,,Auction,https://www.ebay.com/itm/157821747191,1
2015 Australia Lunar Year of the Goat 1/2 ozt .9999 Fine Silver!,157853706933,"Apr 29, 2026",$42.00,$5.97,,,Auction,https://www.ebay.com/itm/157853706933,1
,,"Jan 21, 2026",$95.12,$5.20,,,Auction,,1
,,"Jan 27, 2026",$99.95,$5.50,,,Fixed price,,1
,,"Jan 24, 2026","$1,070.00",$10.99,,,Fixed price,,1
,,"Jan 22, 2026",$167.50,$6.00,,,Auction,,1
,,"Jan 18, 2026",$100.00,$0.00,,,Fixed price,,1
,,"Jan 31, 2026",$143.50,$5.62,,,Auction,,1
,,"Jan 20, 2026",$95.00,$5.95,,,Fixed price,,1
2015 P Australia Silver Lunar Series II Year of the Goat 1/2 oz $1 - BU PERTH,198284363180,"Apr 25, 2026",$40.00,$5.00,,,Fixed price,https://www.ebay.com/itm/198284363180,1
,,"Jan 23, 2026",$115.00,$12.19,,,Fixed price,,1
,,"Jan 22, 2026",$103.00,$0.00,,,Fixed price,,1
"2015 Australia 5oz, 2oz, 1oz, 1/2oz - Year of the Goat - Lunar Series II - BU",236745370866,"Apr 20, 2026",$750.00,$7.95,,,Fixed price,https://www.ebay.com/itm/236745370866,1
TWO 1/2oz 999 Fine Silver 2013 Australia Year of Goat Perth Mint Bullion Coins,236749430294,"Apr 30, 2026",$92.00,$0.00,,,Fixed price,https://www.ebay.com/itm/236749430294,1
,,"Jan 31, 2026",$98.00,$4.25,,,Auction,,1
2015 PAMP Suisse 1 Oz Silver Lunar Year Goat Silver Bar In Assay,257456327385,"Apr 20, 2026",$188.00,$6.42,,,Auction,https://www.ebay.com/itm/257456327385,1
,,"Jan 27, 2026",$149.95,$7.95,,,Fixed price,,1
,,"Dec 27, 2025",$139.50,$4.25,,,Auction,,1
,,"Jan 13, 2026",$94.95,$0.00,,,Fixed price,,1
,,"Jan 24, 2026",$187.61,$4.25,,,Auction,,1
,,"Jan 31, 2026",$242.50,$4.25,,,Auction,,1
2015 PAMP Suisse Lunar Series Year of Goat 1 oz .999 Fine Silver in Assay,267589156643,"Feb 28, 2026",$285.00,$0.00,,,Fixed price,https://www.ebay.com/itm/267589156643,1
2015 Australia 1oz Year of the Goat High Relief Silver Coin BOX&COA #7,267593251485,"Mar 3, 2026",$129.99,$0.00,,,Fixed price,https://www.ebay.com/itm/267593251485,1
2015 PAMP Lunar Series Year of the Goat 1 oz .999 Fine Silver Bar in Assay Card,267622766478,"Apr 11, 2026",$177.50,$4.25,,,Auction,https://www.ebay.com/itm/267622766478,1
2015 1 oz .999 Fine Silver Australian Year Of The Goat Coin,275520038142,"Jan 25, 2026",$119.99,$0.00,,,Fixed price,https://www.ebay.com/itm/275520038142,1
,,"Jan 16, 2026",$49.95,$0.00,,,Fixed price,,1
,,"Dec 1, 2025",$350.00,$9.00,,,Fixed price,,1
,,"Nov 7, 2025",$55.94,$0.00,,,Fixed price,,1
,,"Nov 24, 2025",$117.50,$0.00,,,Auction,,1
,,"Jan 13, 2026",$86.99,$0.00,,,Fixed price,,1
2015 .999 Fine Silver 1 oz Australian Perth Mint Lunar II: Year of the Goat,277755433032,"Mar 2, 2026",$105.00,$5.52,,,Auction,https://www.ebay.com/itm/277755433032,1
2015 Pamp Lunar Series Year of the Goat 1 oz 999 Fine Silver Bar Some Smudging.,277871138677,"Apr 6, 2026",$165.00,$5.52,,,Fixed price,https://www.ebay.com/itm/277871138677,1
,,"Dec 15, 2025",$89.95,$0.00,,,Fixed price,,1
,,"Dec 13, 2025",$66.88,$0.00,,,Auction,,1
,,"Dec 21, 2025",$67.00,$1.95,,,Auction,,1
,,"Jan 26, 2026",$113.50,$8.10,,,Auction,,1
2015 AUSTRALIA LUNAR YEAR OF THE GOAT 1 oz. SILVER COIN WITH MINT CAPSULE,287101586300,"Feb 5, 2026",$100.00,$8.30,,,Auction,https://www.ebay.com/itm/287101586300,1
2015 AUSTRALIA LUNAR YEAR OF THE GOAT 1 oz. SILVER COIN WITH MINT CAPSULE,287123887663,"Feb 15, 2026",$88.97,$7.70,,,Auction,https://www.ebay.com/itm/287123887663,1
2015 Australian Lunar Year of Goat 1oz Silver .999 $1 Coin BU In Capsule,287156934143,"Mar 1, 2026",$97.00,$3.20,,,Auction,https://www.ebay.com/itm/287156934143,1
2015 Pamp Lunar Series Year of the Goat 1 oz 999 Fine Silver Bar,287257743556,"Apr 7, 2026",$197.00,$5.62,,,Fixed price,https://www.ebay.com/itm/287257743556,1
,,"Jan 31, 2026",$255.00,$0.00,,,Fixed price,,1
,,"Nov 23, 2025",$47.08,$4.65,,,Auction,,1
,,"Nov 23, 2025",$48.00,$4.52,,,Auction,,1
,,"Dec 15, 2025",$99.99,$5.25,,,Auction,,1
,,"Jan 10, 2026",$94.05,$0.00,,,Fixed price,,1
,,"Jan 24, 2026",$165.00,$4.88,,,Fixed price,,1
,,"Jan 30, 2026",$105.50,$0.00,,,Auction,,1
2015 1/2oz Australian Silver Lunar Goat Coin NGC MS69,298210365985,"Apr 24, 2026",$50.00,$5.52,,,Fixed price,https://www.ebay.com/itm/298210365985,1
,,"Nov 11, 2025",$55.13,$0.00,,,Fixed price,,1
,,"Dec 24, 2025",$219.74,$0.00,,,Fixed price,,1
,,"Jan 20, 2026",$94.99,$5.99,,,Fixed price,,1
,,"Jan 3, 2026",$299.74,$43.82,,,Fixed price,,1
2015 ( 2015-P ) $1 S$1 AUSTRALIA GILDED GILT Lunar GOAT 1 Oz. SILVER NGC MS69 !!,306777831211,"Feb 20, 2026",$185.00,$0.00,,,Fixed price,https://www.ebay.com/itm/306777831211,1
2015 Niue-Year of the Goat-1 oz 0.999 silver,306783561324,"Apr 11, 2026",$82.00,$5.00,,,Fixed price,https://www.ebay.com/itm/306783561324,1
2015 Tokelau Reverse Proof Lunar Goat 1 oz Silver Coin,306894867444,"Apr 28, 2026",$77.00,$2.31,,,Auction,https://www.ebay.com/itm/306894867444,1
,,"Dec 28, 2025",$85.00,$0.00,,,Fixed price,,1
,,"Jan 27, 2026",$79.99,$7.95,,,Fixed price,,1
,,"Jan 28, 2026",$198.99,$5.39,,,Fixed price,,1
2015-P $1 Australia 1 oz .999 Silver Year of the Goat - PCGS MS 70 - Q3228,317813932616,"Feb 4, 2026",$135.00,$5.50,,,Auction,https://www.ebay.com/itm/317813932616,1
